/*--------------------------------*- C++ -*----------------------------------*\
| =========                 |                                                 |
| \\      /  F ield         | OpenFOAM: The Open Source CFD Toolbox           |
|  \\    /   O peration     | Version:  2.3.0                                 |
|   \\  /    A nd           | Web:      www.OpenFOAM.org                      |
|    \\/     M anipulation  |                                                 |
\*---------------------------------------------------------------------------*/
FoamFile
{
    version     2.0;
    format      ascii;
    class       vectorField;
    object      points;
}
// * * * * * * * * * * * * * * * * * * * * * * * * * * * * * * * * * * * * * //

(
// min z
(34.2500 -1.0000  0.0149253731343284)
(34.2500 -1.0000  0.0298507462686567)
(34.2500 -1.0000  0.0447761194029851)
(34.2500 -1.0000  0.0597014925373134)
(34.2500 -1.0000  0.0746268656716418)
(34.2500 -1.0000  0.0895522388059701)
(34.2500 -1.0000  0.104477611940299)
(34.2500 -1.0000  0.119402985074627)
(34.2500 -1.0000  0.134328358208955)
(34.2500 -1.0000  0.149253731343284)
(34.2500 -1.0000  0.164179104477612)
(34.2500 -1.0000  0.179104477611940)
(34.2500 -1.0000  0.194029850746269)
(34.2500 -1.0000  0.208955223880597)
(34.2500 -1.0000  0.223880597014925)
(34.2500 -1.0000  0.238805970149254)
(34.2500 -1.0000  0.253731343283582)
(34.2500 -1.0000  0.268656716417910)
(34.2500 -1.0000  0.283582089552239)
(34.2500 -1.0000  0.298507462686567)
(34.2500 -1.0000  0.313432835820896)
(34.2500 -1.0000  0.328358208955224)
(34.2500 -1.0000  0.343283582089552)
(34.2500 -1.0000  0.358208955223881)
(34.2500 -1.0000  0.373134328358209)
(34.2500 -1.0000  0.388059701492537)
(34.2500 -1.0000  0.402985074626866)
(34.2500 -1.0000  0.417910447761194)
(34.2500 -1.0000  0.432835820895522)
(34.2500 -1.0000  0.447761194029851)
(34.2500 -1.0000  0.462686567164179)
(34.2500 -1.0000  0.477611940298507)
(34.2500 -1.0000  0.492537313432836)
(34.2500 -1.0000  0.507462686567164)
(34.2500 -1.0000  0.522388059701493)
(34.2500 -1.0000  0.537313432835821)
(34.2500 -1.0000  0.552238805970149)
(34.2500 -1.0000  0.567164179104478)
(34.2500 -1.0000  0.582089552238806)
(34.2500 -1.0000  0.597014925373134)
(34.2500 -1.0000  0.611940298507463)
(34.2500 -1.0000  0.626865671641791)
(34.2500 -1.0000  0.641791044776120)
(34.2500 -1.0000  0.656716417910448)
(34.2500 -1.0000  0.671641791044776)
(34.2500 -1.0000  0.686567164179105)
(34.2500 -1.0000  0.701492537313433)
(34.2500 -1.0000  0.716417910447761)
(34.2500 -1.0000  0.731343283582090)
(34.2500 -1.0000  0.746268656716418)
(34.2500 -1.0000  0.761194029850746)
(34.2500 -1.0000  0.776119402985075)
(34.2500 -1.0000  0.791044776119403)
(34.2500 -1.0000  0.805970149253731)
(34.2500 -1.0000  0.820895522388060)
(34.2500 -1.0000  0.835820895522388)
(34.2500 -1.0000  0.850746268656716)
(34.2500 -1.0000  0.865671641791045)
(34.2500 -1.0000  0.880597014925373)
(34.2500 -1.0000  0.895522388059702)
(34.2500 -1.0000  0.910447761194030)
(34.2500 -1.0000  0.925373134328358)
(34.2500 -1.0000  0.940298507462687)
(34.2500 -1.0000  0.955223880597015)
(34.2500 -1.0000  0.970149253731343)
(34.2500 -1.0000  0.985074626865672)
(34.2500 -1.0000  1.0000)
 
//max z
(34.2500 1.0000  0.0149253731343284)
(34.2500 1.0000  0.0298507462686567)
(34.2500 1.0000  0.0447761194029851)
(34.2500 1.0000  0.0597014925373134)
(34.2500 1.0000  0.0746268656716418)
(34.2500 1.0000  0.0895522388059701)
(34.2500 1.0000  0.104477611940299)
(34.2500 1.0000  0.119402985074627)
(34.2500 1.0000  0.134328358208955)
(34.2500 1.0000  0.149253731343284)
(34.2500 1.0000  0.164179104477612)
(34.2500 1.0000  0.179104477611940)
(34.2500 1.0000  0.194029850746269)
(34.2500 1.0000  0.208955223880597)
(34.2500 1.0000  0.223880597014925)
(34.2500 1.0000  0.238805970149254)
(34.2500 1.0000  0.253731343283582)
(34.2500 1.0000  0.268656716417910)
(34.2500 1.0000  0.283582089552239)
(34.2500 1.0000  0.298507462686567)
(34.2500 1.0000  0.313432835820896)
(34.2500 1.0000  0.328358208955224)
(34.2500 1.0000  0.343283582089552)
(34.2500 1.0000  0.358208955223881)
(34.2500 1.0000  0.373134328358209)
(34.2500 1.0000  0.388059701492537)
(34.2500 1.0000  0.402985074626866)
(34.2500 1.0000  0.417910447761194)
(34.2500 1.0000  0.432835820895522)
(34.2500 1.0000  0.447761194029851)
(34.2500 1.0000  0.462686567164179)
(34.2500 1.0000  0.477611940298507)
(34.2500 1.0000  0.492537313432836)
(34.2500 1.0000  0.507462686567164)
(34.2500 1.0000  0.522388059701493)
(34.2500 1.0000  0.537313432835821)
(34.2500 1.0000  0.552238805970149)
(34.2500 1.0000  0.567164179104478)
(34.2500 1.0000  0.582089552238806)
(34.2500 1.0000  0.597014925373134)
(34.2500 1.0000  0.611940298507463)
(34.2500 1.0000  0.626865671641791)
(34.2500 1.0000  0.641791044776120)
(34.2500 1.0000  0.656716417910448)
(34.2500 1.0000  0.671641791044776)
(34.2500 1.0000  0.686567164179105)
(34.2500 1.0000  0.701492537313433)
(34.2500 1.0000  0.716417910447761)
(34.2500 1.0000  0.731343283582090)
(34.2500 1.0000  0.746268656716418)
(34.2500 1.0000  0.761194029850746)
(34.2500 1.0000  0.776119402985075)
(34.2500 1.0000  0.791044776119403)
(34.2500 1.0000  0.805970149253731)
(34.2500 1.0000  0.820895522388060)
(34.2500 1.0000  0.835820895522388)
(34.2500 1.0000  0.850746268656716)
(34.2500 1.0000  0.865671641791045)
(34.2500 1.0000  0.880597014925373)
(34.2500 1.0000  0.895522388059702)
(34.2500 1.0000  0.910447761194030)
(34.2500 1.0000  0.925373134328358)
(34.2500 1.0000  0.940298507462687)
(34.2500 1.0000  0.955223880597015)
(34.2500 1.0000  0.970149253731343)
(34.2500 1.0000  0.985074626865672)
(34.2500 1.0000  1.0000)
 
)
 
// ************************************************************************* //
